@ NAME             %03s "IBS"
@ TYPE             %03s "IBS"
@ TITLE            %08s "no-title"
@ ORIGIN           %23s "MAD-X 5.02.00 Darwin 64"
@ DATE             %08s "27/10/14"
@ TIME             %08s "02.43.20"
* NAME                                S               DELS                TLI                TXI                TYI               BETX               ALFX                 DX                DPX               BETY               ALFY                 DY                DPY 
$ %s                                %le                %le                %le                %le                %le                %le                %le                %le                %le                %le                %le                %le                %le 
 "MID_PICKUP"                         0                  0    2.035606604e-06    1.302667683e-05    1.060943274e+12        8.340316316       -2.973991115      -0.2303678325       0.4097078317        1.076910197       -1.193154532                 -0                 -0
 "BWGLM"                         0.0125              0.025    1.995474958e-06     1.27700852e-05    1.069613837e+12        8.415034958       -2.988745686      -0.2252464849       0.4097078317        1.107442351       -1.221286146                  0                  0
 "OW"                            0.0375              0.025    1.918576532e-06    1.227805041e-05    1.086611924e+12        8.565209971       -3.018254828      -0.2150037896       0.4097078317        1.169913239       -1.277549373                  0                  0
 "BWGLP"                         0.0625              0.025      1.8451737e-06    1.180838034e-05    1.103565175e+12         8.71686044        -3.04776397      -0.2047610943       0.4097078317        1.235197288       -1.333812601                  0                  0
 "OW"                            0.0875              0.025     1.77515048e-06     1.13603331e-05     1.12043194e+12        8.869986367       -3.077273112      -0.1945183989       0.4097078317        1.303294499       -1.390075828                  0                  0
 "BWGLM"                         0.1125              0.025    1.708379991e-06    1.093309706e-05    1.137175923e+12        9.024587751       -3.106782254      -0.1842757036       0.4097078317        1.374204871       -1.446339055                  0                  0
 "OW"                            0.1375              0.025    1.644728688e-06    1.052581791e-05    1.153765633e+12        9.180664592       -3.136291396      -0.1740330083       0.4097078317        1.447928404       -1.502602283                  0                  0
 "BWGLP"                         0.1625              0.025    1.584059688e-06    1.013761997e-05    1.170173882e+12         9.33821689       -3.165800538       -0.163790313       0.4097078317        1.524465098        -1.55886551                  0                  0
 "OW"                            0.1875              0.025    1.526235346e-06    9.767622649e-06    1.186377321e+12        9.497244645        -3.19530968      -0.1535476177       0.4097078317        1.603814954       -1.615128738                  0                  0
 "BWGLM"                         0.2125              0.025    1.471119207e-06    9.414952974e-06    1.202356028e+12        9.657747857       -3.224818822      -0.1433049224       0.4097078317        1.685977972       -1.671391965                  0                  0
 "OW"                            0.2375              0.025     1.41857747e-06    9.078754927e-06    1.218093134e+12        9.819726526       -3.254327964      -0.1330622271       0.4097078317        1.770954151       -1.727655192                  0                  0
 "BWGLP"                         0.2625              0.025    1.368480046e-06    8.758196229e-06    1.233574481e+12        9.983180653       -3.283837106      -0.1228195318       0.4097078317        1.858743491        -1.78391842                  0                  0
 "OW"                            0.2875              0.025    1.320701303e-06    8.452473115e-06     1.24878832e+12        10.14811024       -3.313346248      -0.1125768365       0.4097078317        1.949345992       -1.840181647                  0                  0
 "BWGLM"                         0.3125              0.025    1.275120562e-06    8.160813495e-06    1.263725042e+12        10.31451528        -3.34285539      -0.1023341412       0.4097078317        2.042761655       -1.896444874                  0                  0
 "OW"                            0.3375              0.025    1.231622399e-06    7.882478893e-06    1.278376928e+12        10.48239577       -3.372364532     -0.09209144587       0.4097078317        2.138990479       -1.952708102                  0                  0
 "BWGLP"                         0.3625              0.025    1.190096797e-06    7.616765421e-06     1.29273794e+12        10.65175173       -3.401873674     -0.08184875056       0.4097078317        2.238032465       -2.008971329                  0                  0
 "OW"                            0.3875              0.025    1.150439181e-06    7.363004021e-06    1.306803521e+12        10.82258314       -3.431382816     -0.07160605525       0.4097078317        2.339887612       -2.065234557                  0                  0
 "BWGLM"                         0.4125              0.025    1.112550379e-06    7.120560168e-06    1.320570421e+12        10.99489001       -3.460891957     -0.06136335995       0.4097078317         2.44455592       -2.121497784                  0                  0
 "OW1"                          0.42813            0.00626    1.089789666e-06    6.974818251e-06    1.328936725e+12        11.10319298       -3.479341073     -0.05495962684       0.4097078317        2.511094141       -2.156673554                  0                  0
 "BWGLHP"                       0.43751             0.0125    1.076377252e-06    6.889015092e-06    1.333972197e+12        11.16860382       -3.490412903     -0.05111656756       0.4097078317        2.551817211       -2.177783517                  0                  0
 "OL"                           0.54376                0.2    9.358263105e-07    5.995490238e-06    1.393089294e+12        11.93539933       -3.615826756    -0.007585112505       0.4097078317        3.062419951       -2.416902233                  0                  0
 "QCHF1"                        0.71876               0.15     8.42516178e-07    6.607821724e-06    1.256596928e+12        17.34985602       -36.51440679      0.07137424203       0.5282634437        3.067165898        2.617964721                  0                  0
 "OQC"                          0.82376               0.06    6.212394219e-07    4.087367335e-06    6.607786715e+11        26.59106633       -75.83198307        0.128767379       0.6468190556        2.159709413        7.147033122                  0                  0
 "QCHD"                         0.92876               0.15    5.566475387e-07    2.951800009e-06    3.615309449e+11        33.49422532       -12.41685959       0.1708347467       0.2869061631        1.299877911        3.426424605                  0                  0
 "OQC"                          1.03376               0.06     8.27822619e-07     5.28144605e-06    3.465344196e+11        32.56161756        54.76412977       0.1913073538     -0.07300672935        0.845135024       0.3955561973                  0                  0
 "B1A"                          1.06376                  0    9.132657572e-07    5.849414409e-06    3.705986703e+11        29.27576979        51.99296283       0.1891171571     -0.07300672935       0.8214016522        0.354444843                  0                  0
 "B1CHP"                        1.16376                0.2    1.709126026e-06    1.589999282e-05    6.454131318e+11         20.5961321        42.70757674       0.1873272326     -0.01062838149        0.777920268       0.2460970982                  0                  0
 "B1B"                          1.26376                  0    3.437854669e-06    4.242640078e-05    1.212265013e+12        11.91649441        33.42219065        0.185537308      0.05174996636       0.7344388839       0.1377493534                  0                  0
 "S1"                           1.29376               0.06    3.883980688e-06    4.759499471e-05    1.357248068e+12        10.08004461        30.60749669       0.1870898122      0.05174996636       0.7286712779      0.09612676614                  0                  0
 "B2A"                          1.32376                  0    4.557120908e-06    5.623433676e-05     1.57756107e+12        8.243594808        27.79280274       0.1886423164      0.05174996636        0.722903672      0.05450417893                  0                  0
 "B2CHM"                        1.42376                0.2    4.798406347e-06    3.916391156e-05    1.676361929e+12        4.587553564         18.5074173       0.1883159865     -0.01062838149       0.7287139972     -0.05729120223                  0                  0
 "B2B"                          1.52376                  0    1.704193071e-05    0.0001624702763     5.95122971e+12       0.9315123196        9.222031861       0.1879896566     -0.07300672935       0.7345243225      -0.1690865834                  0                  0
 "OQC"                          1.55376               0.06    2.049511318e-05    0.0001638771133    7.277423676e+12       0.5444604247        6.450864916       0.1857994598     -0.07300672935       0.7471901454      -0.2110970482                  0                  0
 "QCHF"                         1.60376               0.04    3.658470006e-05    0.0001985659679    1.328168523e+13      0.08420425223        1.839849436       0.1828800745     -0.03650816046       0.7649452722      -0.1265538358                  0                  0
 "QCHF"                         1.64376               0.04    3.658485543e-05    0.0001985673374    1.328174166e+13      0.08420417939       -1.839847605       0.1828796967      0.03648890191       0.7649452848       0.1265535235                  0                  0
 "OQC"                          1.69376               0.06    2.049520797e-05    0.0001638783436      7.2774576e+12       0.5444601648       -6.450863012       0.1857981344      0.07298739539       0.7471901885       0.2110967484                  0                  0
 "B3A"                          1.72376                  0    1.704196806e-05    0.0001624706939    5.951243196e+12       0.9315119455       -9.222029914       0.1879877614      0.07298739539       0.7345243836       0.1690862912                  0                  0
 "B3CHM"                        1.82376                0.2    4.798456398e-06    3.916474449e-05    1.676379369e+12        4.587553142       -18.50741522       0.1883122084      0.01060897303        0.728714082      0.05729092544                  0                  0
 "B3B"                          1.92376                  0    4.557127711e-06    5.623447626e-05    1.577563635e+12        8.243594339       -27.79280052       0.1886366553     -0.05176944933       0.7229037804     -0.05450444028                  0                  0
 "S1"                           1.95376               0.06    3.883988478e-06    4.759516705e-05    1.357250984e+12        10.08004399       -30.60749419        0.187083577     -0.05176944933       0.7286714018     -0.09612702252                  0                  0
 "B4A"                          1.98376                  0    3.437860034e-06    4.242651754e-05    1.212267107e+12        11.91649365       -33.42218787       0.1855304988     -0.05176944933       0.7344390231      -0.1377496048                  0                  0
 "B4CHP"                        2.08376                0.2    1.709136962e-06    1.590019979e-05    6.454173268e+11        20.59612876       -42.70757252       0.1873184841      0.01060897303       0.7779204765      -0.2460973067                  0                  0
 "B4B"                          2.18376                  0      9.1326817e-07    5.849445363e-06    3.705997323e+11        29.27576387       -51.99295717       0.1891064695      0.07298739539         0.82140193      -0.3544450086                  0                  0
 "OQC"                          2.21376               0.06    8.278251794e-07    5.281479214e-06      3.4653556e+11        32.56161132       -54.76412408       0.1912960965      0.07298739539       0.8451353112      -0.3955563535                  0                  0
 "QCHD"                         2.31876               0.15    5.566453592e-07    2.951774171e-06    3.615297261e+11        33.49421978        12.41685409       0.1708232895      -0.2869013828        1.299878346       -3.426425692                  0                  0
 "OQC"                          2.42376               0.06    6.212406813e-07     4.08738421e-06    6.607801728e+11         26.5910627        75.83196803       0.1287571427       -0.646790161        2.159710123        -7.14703536                  0                  0
 "QCHF1"                        2.52876               0.15    8.425260309e-07    6.607984716e-06    1.256611612e+12        17.34985442         36.5143977      0.07136592013      -0.5282483821         3.06716688       -2.617965452                  0                  0
 "OL"                           2.70376                0.2    9.358298501e-07    5.995540265e-06    1.393094836e+12        11.93539978        3.615822227     -0.00759225193      -0.4097066032        3.062420884        2.416903146                  0                  0
 "BWGLHP"                       2.81001             0.0125    1.076381134e-06    6.889071492e-06    1.333977257e+12        11.16860523         3.49040867     -0.05112358058      -0.4097066032        2.551817949        2.177784347                  0                  0
 "OW1"                          2.81939            0.00626    1.089793578e-06    6.974875239e-06    1.328941742e+12        11.10319447        3.479336866      -0.0549666287      -0.4097066032        2.511094863        2.156674377                  0                  0
 "BWGLM"                        2.83502              0.025    1.112554341e-06    7.120618148e-06    1.320575367e+12        10.99489163        3.460887794     -0.06137034321      -0.4097066032        2.444556617        2.121498595                  0                  0
 "OW"                           2.86002              0.025    1.150443225e-06    7.363063644e-06    1.306808351e+12        10.82258496        3.431378722     -0.07161300878      -0.4097066032        2.339888268        2.065235348                  0                  0
 "BWGLP"                        2.88502              0.025    1.190100924e-06    7.616826752e-06    1.292742653e+12        10.65175375        3.401869649     -0.08185567434      -0.4097066032        2.238033082        2.008972101                  0                  0
 "OW"                           2.91002              0.025    1.231626611e-06    7.882541998e-06    1.278381523e+12          10.482398        3.372360577      -0.0920983399      -0.4097066032        2.138991057        1.952708854                  0                  0
 "BWGLM"                        2.93502              0.025    1.275124861e-06    8.160878442e-06    1.263729517e+12         10.3145177        3.342851505      -0.1023410055      -0.4097066032        2.042762196        1.896445608                  0                  0
 "OW"                           2.96002              0.025     1.32070569e-06    8.452539977e-06    1.248792676e+12        10.14811285        3.313342433       -0.112583671      -0.4097066032        1.949346496        1.840182361                  0                  0
 "BWGLP"                        2.98502              0.025    1.368484523e-06    8.758265083e-06    1.233578715e+12        9.983183452        3.283833361      -0.1228263366      -0.4097066032        1.858743959        1.783919114                  0                  0
 "OW"                           3.01002              0.025    1.418582039e-06     9.07882585e-06    1.218097247e+12         9.81972951        3.254324288      -0.1330690022      -0.4097066032        1.770954584        1.727655867                  0                  0
 "BWGLM"                        3.03502              0.025    1.471123869e-06    9.415026051e-06    1.202360018e+12        9.657751022        3.224815216      -0.1433116677      -0.4097066032        1.685978372         1.67139262                  0                  0
 "OW"                           3.06002              0.025    1.526240103e-06    9.767697964e-06    1.186381187e+12        9.497247988        3.195306144      -0.1535543333      -0.4097066032        1.603815322        1.615129374                  0                  0
 "BWGLP"                        3.08502              0.025    1.584064541e-06    1.013769761e-05    1.170177625e+12        9.338220407        3.165797072      -0.1637969989      -0.4097066032        1.524465434        1.558866127                  0                  0
 "OW"                           3.11002              0.025    1.644733638e-06    1.052589797e-05    1.153769253e+12         9.18066828        3.136287999      -0.1740396644      -0.4097066032        1.447928709         1.50260288                  0                  0
 "BWGLM"                        3.13502              0.025    1.708385039e-06    1.093317964e-05    1.137179418e+12        9.024591606        3.106778927        -0.18428233      -0.4097066032        1.374205146        1.446339633                  0                  0
 "OW"                           3.16002              0.025    1.775155627e-06    1.136041829e-05    1.120435311e+12        8.869990386        3.077269855      -0.1945249956      -0.4097066032        1.303294745        1.390076387                  0                  0
 "BWGLP"                        3.18502              0.025    1.845178947e-06    1.180846825e-05    1.103568423e+12         8.71686462        3.047760783      -0.2047676611      -0.4097066032        1.235197507         1.33381314                  0                  0
 "OW"                           3.21002              0.025     1.91858188e-06    1.227814114e-05    1.086615048e+12        8.565214307         3.01825171      -0.2150103267      -0.4097066032        1.169913431        1.277549893                  0                  0
 "BWGLM"                        3.23502              0.025    1.995480405e-06    1.277017885e-05    1.069616837e+12        8.415039448        2.988742638      -0.2252529922      -0.4097066032        1.107442517        1.221286646                  0                  0
 "MID_KICKER"                   3.24752                  0    2.035612103e-06    1.302677201e-05    1.060946213e+12        8.340320882        2.973988102       -0.230374325      -0.4097066032        1.076910351        1.193155023                  0                  0
 "OW"                           3.26002              0.025     2.07597427e-06    1.328521935e-05    1.052621387e+12        8.266340043        2.959233566      -0.2354956578      -0.4097066032        1.047784766        1.165023399                  0                  0
 "BWGLP"                        3.28502              0.025    2.160140381e-06    1.382375442e-05     1.03568288e+12        8.119116091        2.929724494      -0.2457383234      -0.4097066032       0.9909401773        1.108760153                  0                  0
 "OW"                           3.31002              0.025     2.24802475e-06    1.438607816e-05    1.018862724e+12        7.973367593        2.900215422      -0.2559809889      -0.4097066032       0.9369087507        1.052496906                  0                  0
 "BWGLM"                        3.33502              0.025    2.339632608e-06    1.497222368e-05    1.002230376e+12        7.829094548        2.870706349      -0.2662236545      -0.4097066032       0.8856904865       0.9962336591                  0                  0
 "OW"                           3.36002              0.025    2.434917078e-06    1.558189062e-05    9.858638566e+11        7.686296957        2.841197277      -0.2764663201      -0.4097066032       0.8372853846       0.9399704123                  0                  0
 "BWGLP"                        3.38502              0.025    2.533765627e-06    1.621435851e-05    9.698505678e+11         7.54497482        2.811688205      -0.2867089856      -0.4097066032        0.791693445       0.8837071656                  0                  0
 "OW"                           3.41002              0.025    2.635984923e-06    1.686838982e-05    9.542879059e+11        7.405128136        2.782179133      -0.2969516512      -0.4097066032       0.7489146678       0.8274439188                  0                  0
 "BWGLM"                        3.43502              0.025    2.741284145e-06    1.754212323e-05    9.392838105e+11        7.266756906         2.75267006      -0.3071943168      -0.4097066032       0.7089490529        0.771180672                  0                  0
 "OW"                           3.46002              0.025    2.849257393e-06    1.823296104e-05    9.249571671e+11         7.12986113        2.723160988      -0.3174369823      -0.4097066032       0.6717966004       0.7149174252                  0                  0
 "BWGLP"                        3.48502              0.025    2.959366144e-06    1.893745692e-05    9.114379922e+11        6.994440807        2.693651916      -0.3276796479      -0.4097066032       0.6374573103       0.6586541785                  0                  0
 "OW"                           3.51002              0.025    3.070923232e-06    1.965121348e-05    8.988673189e+11        6.860495937        2.664142844      -0.3379223135      -0.4097066032       0.6059311824       0.6023909317                  0                  0
 "BWGLM"                        3.53502              0.025    3.183080341e-06    2.036880219e-05    8.873966934e+11        6.728026522        2.634633771       -0.348164979      -0.4097066032        0.577218217       0.5461276849                  0                  0
 "OW"                           3.56002              0.025    3.294821524e-06    2.108372198e-05     8.77187187e+11         6.59703256        2.605124699      -0.3584076446      -0.4097066032       0.5513184138       0.4898644381                  0                  0
 "BWGLP"                        3.58502              0.025    3.404965655e-06    2.178841495e-05    8.684078366e+11        6.467514051        2.575615627      -0.3686503102      -0.4097066032        0.528231773       0.4336011914                  0                  0
 "OW"                           3.61002              0.025    3.512180776e-06    2.247435819e-05    8.612334467e+11        6.339470996        2.546106555      -0.3788929757      -0.4097066032       0.5079582946       0.3773379446                  0                  0
 "BWGLM"                        3.63502              0.025    3.615012884e-06    2.313224801e-05    8.558417221e+11        6.212903395        2.516597483      -0.3891356413      -0.4097066032       0.4904979785       0.3210746978                  0                  0
 "OW"                           3.66002              0.025    3.711930601e-06    2.375228584e-05    8.524097589e+11        6.087811247         2.48708841      -0.3993783068      -0.4097066032       0.4758508247        0.264811451                  0                  0
 "BWGLP"                        3.68502              0.025    3.801385328e-06     2.43245631e-05    8.511099898e+11        5.964194554        2.457579338      -0.4096209724      -0.4097066032       0.4640168333       0.2085482043                  0                  0
 "OW1"                          3.70065            0.00626    3.854279292e-06    2.466265898e-05    8.511560865e+11        5.887486114        2.439130266      -0.4160246869      -0.4097066032       0.4577178168       0.1733724224                  0                  0
 "BWGLHM"                       3.71003             0.0125     3.88307252e-06    2.484690718e-05    8.518667671e+11        5.841866428        2.428058462       -0.419867735      -0.4097066032       0.4547292248       0.1522624522                  0                  0
 "OQC"                          3.74628               0.06    3.972338453e-06    2.541954602e-05    8.594877814e+11        5.668399478        2.385270308      -0.4347196001      -0.4097066032       0.4485850995      0.07068074437                  0                  0
 "OOW"                          3.91077            0.26898    3.930250302e-06    2.517624509e-05    9.941583995e+11        4.935917841        2.191112416      -0.5021122425      -0.4097066032       0.5249061627      -0.2995089141                  0                  0
 "Q11C"                         4.15026               0.21    3.679425402e-06     2.62205004e-05    1.119259732e+12        4.869970442       -2.832752308      -0.6640387085       -1.052820892       0.6318253125      -0.1073851939                  0                  0
 "OQ2"                          4.30526                0.1    2.709447723e-06     1.77104223e-05    8.233421977e+11        6.219037569       -8.256491045      -0.8556604873       -1.695935181       0.6281781742       0.3000438013                  0                  0
 "DIBPM"                        4.40026               0.09    2.281040551e-06    1.482680796e-05    6.489739708e+11        7.883295066        -9.31787098       -1.016774324       -1.695935181       0.5861098632       0.1340436753                  0                  0
 "IBPM"                         4.44526                  0    2.085999996e-06    1.334893761e-05    5.824005769e+11        8.721903456       -9.820629896       -1.093091405       -1.695935181       0.5740459324      0.05541203662                  0                  0
 "OB"                           4.60026               0.31    1.700457006e-06     1.26239232e-05    5.308857029e+11        12.30313353       -11.55235505        -1.35596135       -1.695935181       0.6408293176      -0.2154302743                  0                  0
 "B30"                      4.938519571       0.3665191429    2.567585339e-07    3.394708312e-07    1.403255518e+11        18.60965119       -6.743339484       -1.760287679      -0.7541750554        1.009854799      -0.8307970813                  0                  0
 "OB"                       5.276779143               0.31    3.389768811e-07    1.149452007e-06    3.053149485e+11        21.40008902      -0.2101620421       -1.872668376       0.1875850699        1.763654592       -1.456637715                  0                  0
 "DIBPM"                    5.476779143               0.09    2.943132726e-07    9.979932666e-07    3.574280801e+11        21.48503215      -0.2199211165       -1.835151361       0.1875850699        2.378978657        -1.81962628                  0                  0
 "IBPM"                     5.521779143                  0    2.852049562e-07    9.671096408e-07    3.701768594e+11        21.50482505      -0.2221169082       -1.826710032       0.1875850699        2.542745024       -1.901298707                  0                  0
 "OQ3"                      5.621779143                0.2    2.654487641e-07    9.001383582e-07    4.008982213e+11        21.55022434      -0.2269964454       -1.807951525       0.1875850699        2.959303627       -2.082792989                  0                  0
 "OQ"                       5.753029143             0.0625    2.446421585e-07    8.295845901e-07    4.394829706e+11        21.61021118       -0.233400838       -1.783330984       0.1875850699        3.520924997       -2.321004234                  0                  0
 "Q10"                      5.889279143               0.21    3.032913183e-07    1.433701304e-06    7.187640051e+11        19.36417434        9.925918217       -1.658176584        1.114239874        4.744056515       -5.521655834                  0                  0
 "OQ0"                      6.141779143              0.295    3.571102469e-07    1.905622402e-06    1.570235452e+12        12.20697242         16.5985677       -1.237852262        2.040894678        8.947162557       -10.59334661                  0                  0
 "OQD"                      6.351779143              0.125    3.910522205e-07    1.498721025e-06    2.629308389e+12        5.856354267        11.63232478      -0.8092643918        2.040894678        13.73944344       -13.33794857                  0                  0
 "Q9"                       6.519279143               0.21    6.031863171e-07    2.259247578e-06    4.668242089e+12        3.125126308        6.683174242      -0.5093201395        1.682980308        15.97027238       -2.407462693                  0                  0
 "OQ"                       6.655529143             0.0625    9.597433565e-07    3.277386778e-06    7.377587255e+12        1.659146056        3.020686539       -0.295523491        1.325065939        15.96053879        9.173102965                  0                  0
 "O1A"                      7.061779143               0.75    3.121698384e-06    2.263054953e-05    1.507412742e+13        1.070848301       0.5326731178        0.242784538        1.325065939         10.1333615        7.005144374                  0                  0
 "O1A"                      7.811779143               0.75    3.980812487e-07    5.205251657e-07    5.327314208e+11        3.716780318       -4.060582429        1.236583976        1.325065939        2.627433663        3.002759282                  0                  0
 "OQ"                       8.218029143             0.0625    1.284339275e-06    4.328463803e-06    2.075272247e+11        7.171504425        -6.54859585        1.774892005        1.325065939       0.3231891279        0.834800691                  0                  0
 "Q8"                       8.354279143               0.21    1.270073297e-06    3.971133918e-06    1.812106057e+11        7.510286621       0.2919206287        1.778975907      -0.3440980205       0.2842498044      -0.0708448268                  0                  0
 "OQ0"                      8.606779143              0.295    1.240691147e-06    5.027774772e-06    4.756917401e+11        5.598813287        6.240570372        1.444695358        -2.01326198       0.7785226923       -1.630634445                  0                  0
 "OQD"                      8.816779143              0.125    1.249480421e-06    4.418101378e-06    9.827470229e+11        3.170555903        4.698312741        1.021910343        -2.01326198        1.609483349       -2.799387874                  0                  0
 "Q7"                       8.984279143               0.21    1.493916139e-06    5.155912835e-06     1.64950669e+12        2.164514944        2.224756308       0.7539095138        -1.39386435         2.27471643       -1.319332645                  0                  0
 "OQ"                       9.120529143             0.0625     1.79162802e-06    6.071058928e-06    2.217183028e+12        1.733793479       0.1915136866       0.5875354721      -0.7744667207        2.559189789       0.4933797343                  0                  0
 "OQ3"                      9.251779143                0.2    2.048735072e-06    6.960543289e-06    2.415786966e+12        1.699221942       0.1130096554       0.4858867127      -0.7744667207        2.442433958       0.4295979804                  0                  0
 "DIBPM"                    9.396779143               0.09    2.338491427e-06    7.927132951e-06    2.620206538e+12        1.674254685      0.02628139231       0.3735890356      -0.7744667207        2.324192271       0.3591343285                  0                  0
 "IBPM"                     9.441779143                  0    2.423886452e-06    8.211526124e-06     2.67713491e+12         1.67188936   -0.0006342755355       0.3387380324      -0.7744667207        2.291870181       0.3372662986                  0                  0
 "OB"                       9.596779143               0.31    2.665173474e-06     9.09959779e-06    2.836530101e+12        1.700825937     -0.09334379813        0.218695688      -0.7744667207        2.210667824       0.2619430844                  0                  0
 "B60"                      10.11829829       0.7330382858    9.458573424e-07    1.560500126e-07    1.018827475e+12        1.247401597        0.397844509      0.01424226375      -0.2088632659        2.153279612     -0.03297287362                  0                  0
 "OB"                       10.63981743               0.31    1.707237889e-06    3.702935708e-07    1.908690746e+12       0.5840423014       0.5838657134     -0.01487407704       0.3567401889        2.278867688      -0.3283029902                  0                  0
 "DIBPM"                    10.83981743               0.09    2.138598181e-06    4.149722031e-07    2.523872666e+12       0.3967010371      0.07047651943      0.05647397323       0.3567401889        2.418984197      -0.4260286323                  0                  0
 "IBPM"                     10.88481743                  0    2.117907431e-06    4.072421531e-07    2.539206376e+12       0.3903581501      -0.0450360492      0.07252728455       0.3567401889        2.457326775      -0.4480169018                  0                  0
 "OQ"                       10.91606743             0.0625    2.056022972e-06    3.966746173e-07    2.495291688e+12       0.3981864698      -0.1252531108       0.0836754174       0.3567401889        2.486282185      -0.4632865334                  0                  0
 "Q6"                       11.05231743               0.21     1.64632386e-06    3.001411689e-07     2.47344269e+12       0.4366225133      -0.1307473469       0.1234279579       0.2655197916        3.069601779       -2.900827042                  0                  0
 "OD22"                     11.27231743               0.23    1.052723247e-06    1.940576453e-07    2.620950965e+12       0.5369037726      -0.3029284046       0.1720767995       0.1742993942        5.062386671       -6.254002862                  0                  0
 "OQD"                      11.44981743              0.125    7.123036822e-07     1.35071717e-07    2.628250981e+12       0.6920797086      -0.6840191807       0.2030149474       0.1742993942        7.462161712       -7.690834406                  0                  0
 "Q5"                       11.61731743               0.21    4.431405188e-07    9.203271239e-08    1.824793364e+12        1.261655353       -2.638929868       0.2584271892       0.4396713981        8.209944687       0.8606681093                  0                  0
 "OQD"                      11.78481743              0.125    2.911878497e-07    5.141129731e-08    1.025410879e+12        2.396665778       -5.207497267       0.3470109372       0.7050434021         6.85369485        9.141427509                  0                  0
 "OD22"                     11.96231743               0.23    2.207630936e-07    3.494917058e-08     4.83380658e+11        4.733818831       -7.331373107        0.472156163       0.7050434021        4.115808648        6.935685517                  0                  0
 "Q4"                       12.18231743               0.21    2.489422786e-07    4.256396291e-08    2.712218296e+11        6.543918566      -0.4868042462       0.5540356844     0.007290338929         2.00933574        2.832344998                  0                  0
 "OQ"                       12.31856743             0.0625    3.080034801e-07    5.945135995e-08    2.472230098e+11        6.202252978        7.448790955       0.5332582363      -0.6904627242        1.489527097       0.1366953295                  0                  0
 "DIBPM"                    12.39481743               0.09    3.599874108e-07    7.034349703e-08    2.823706652e+11        5.128899615        6.753376573       0.4806104444      -0.6904627242         1.47337642      0.08452465085                  0                  0
 "IBPM"                     12.43981743                  0    3.967321719e-07    7.603058253e-08    3.074551604e+11        4.521095702        6.342968085       0.4495396164      -0.6904627242        1.465769201      0.05373539787                  0                  0
 "OB"                       12.59481743               0.31     5.87220974e-07    1.612379812e-07    4.477618718e+11        2.993000606         4.92933885       0.3425178754      -0.6904627242        1.481987308     -0.05231647349                  0                  0
 "B60"                      13.11633657       0.7330382858    9.630540301e-07    2.972141258e-07    8.782236576e+11          1.5257577     -0.05018987619       0.1423366941      -0.2305097658        1.822441724      -0.4489360609                  0                  0
 "OB"                       13.63785571               0.31    4.134400053e-07    3.937978049e-08    5.182857596e+11          3.1338882       -4.991220074      0.08474094286       0.2294431927        2.410548369      -0.8511945915                  0                  0
 "OQ"                       13.82410571             0.0625     2.61006072e-07    1.926868434e-08     3.82136047e+11        5.096391212       -6.643594874       0.1274747304       0.2294431927        2.736006443      -0.9854037155                  0                  0
 "Q3"                       13.96035571               0.21    2.015975303e-07    1.020341717e-08    4.447837787e+11        5.313476271       0.7536964592       0.1378818039      0.02932410272        4.100787605       -7.361165768                  0                  0
 "OQ1"                      14.06785571              0.005    1.847498727e-07    1.351387991e-08    5.410405475e+11        5.073371493        8.393026434       0.1406917915      -0.1707949872        5.472990457       -13.80188439                  0                  0
 "OQD"                      14.13285571              0.125    1.845079306e-07    1.260638221e-08    7.366964194e+11        4.096695724        7.477684663       0.1295901217      -0.1707949872        7.551528906       -16.07623129                  0                  0
 "Q2"                       14.30035571               0.21    2.274990731e-07     2.66514965e-08    1.198804472e+12        2.710840896        2.575910239       0.1185174329    -0.003984866999        10.21375633       -2.435901331                  0                  0
 "OQD"                      14.46785571              0.125    2.460521999e-07    1.816452348e-08    1.182494972e+12         2.45109627        -1.53119645       0.1282960051       0.1628252532        9.322189145        12.35412393                  0                  0
 "OQ1"                      14.53285571              0.005    2.542220655e-07    1.868514853e-08    1.015567159e+12        2.650596256       -1.620083777       0.1388796468       0.1628252532        7.721546264        11.27546013                  0                  0
 "Q1"                       14.64035571               0.21    2.787226467e-07    1.822374912e-08     9.34001719e+11        2.602705747       0.2394490481       0.1453676184      0.05646021184        6.477331675        6.210283057                  0                  0
 "OQ"                       14.77660571             0.0625    3.300828979e-07    2.423230999e-08    8.874638633e+11        2.419471544        2.035892278       0.1498890017     -0.04990482954        5.216221465        1.172366723                  0                  0
 "DIBPM"                    14.85285571               0.09    3.702978377e-07    2.714712103e-08    9.569471102e+11        2.123603186        1.873611933       0.1460837606     -0.04990482954        5.040559632        1.137654474                  0                  0
 "IBPM"                     14.89785571                  0    3.981311704e-07    2.929990024e-08    1.004727732e+12        1.954978103        1.777839926       0.1438380446     -0.04990482954        4.938170724        1.117168557                  0                  0
 "O1"                       15.34785571                0.9    6.047969635e-07    2.538837388e-08    1.254327656e+12        1.216870191       0.8201198559       0.1213808841     -0.04990482954        4.117092232       0.9123093842                  0                  0
 "O1"                       16.24785571                0.9    6.589963251e-07    4.316175143e-08    9.475818221e+11         1.46455059       -1.095320284      0.07646656321     -0.04990482954        2.843681781       0.5025910387                  0                  0
 "DIBPM"                    16.74285571               0.09    4.670706563e-07    3.434340687e-08    5.712650946e+11        2.643732024       -2.148812361      0.05176368672     -0.04990482954        2.366397684       0.2772459487                  0                  0
 "IBPM"                     16.78785571                  0    4.449863975e-07    3.270565962e-08    5.402234045e+11        2.837125147       -2.244584368      0.04951797068     -0.04990482954        2.341445547       0.2567600314                  0                  0
 "OQ"                       16.81910571             0.0625    4.298547292e-07    3.158730593e-08    5.196660399e+11        2.981568449       -2.311092706      0.04795844565     -0.04990482954         2.32628719       0.2425336999                  0                  0
 "Q20"                      16.95535571               0.21    3.886438157e-07    2.366735055e-08    5.767788224e+11        2.931343675       0.7851009609      0.03656190767     -0.09018255305        2.855007321       -2.963443528                  0                  0
 "OQ"                       17.09160571             0.0625    3.850496908e-07     2.84333511e-08    7.555075537e+11        2.501774476        3.758417745      0.02264800898      -0.1304602766        3.805931053       -6.512723541                  0                  0
 "OQ1"                      17.12535571              0.005    3.953589927e-07     2.90925817e-08    8.618822262e+11        2.249103944        3.553881707      0.01824497238      -0.1304602766        4.247470574       -6.898854987                  0                  0
 "OQ"                       17.15910571             0.0625    4.062574083e-07    3.003171815e-08    9.835617059e+11        2.022000418        3.349345669      0.01384193577      -0.1304602766        4.737276528       -7.284986433                  0                  0
 "Q19"                      17.29535571               0.21    4.662365577e-07    4.301005725e-08    1.333271371e+12        1.537311291        1.489750244     -0.00385083449       -0.134179872        5.657845506       -1.896464594                  0                  0
 "OQ"                       17.43160571             0.0625    5.174840313e-07    3.817197653e-08    1.532404383e+12        1.274833125      -0.2060295338     -0.02177607774      -0.1378994674        5.887549633        3.768850559                  0                  0
 "OQ1"                      17.46535571              0.005    5.243901203e-07    3.865558409e-08    1.486405128e+12        1.288878195      -0.2336446724     -0.02643018517      -0.1378994674         5.63358818        3.681655891                  0                  0
 "OQ"                       17.49910571             0.0625    5.303817908e-07     3.91203005e-08     1.43915355e+12        1.306375158      -0.2612598111      -0.0310842926      -0.1378994674         5.39052606        3.594461223                  0                  0
 "Q18"                      17.63535571               0.21    5.620264514e-07    3.748454956e-08    1.401719261e+12        1.263620235       0.2615917671     -0.04757025976      -0.1139529846        4.957298353        1.061054919                  0                  0
 "OQ"                       17.77160571             0.0625     6.10368997e-07    4.501040625e-08    1.480976785e+12         1.15659612       0.7670471975     -0.06255957239     -0.09000650176        4.836908269        -1.41094047                  0                  0
 "OB"                       17.95785571               0.31    6.656196753e-07    4.902161976e-08    1.792984482e+12       0.9502544931       0.5109715026     -0.07932328945     -0.09000650176        5.398188287       -1.526116798                  0                  0
 "B30"                      18.29611529       0.3665191429    7.834636324e-07    6.518315462e-08    2.540971686e+12       0.6867999878        0.259939581     -0.05588613896       0.1993350421        6.555834791       -1.881678126                  0                  0
 "OB"                       18.63437486               0.31    1.064815933e-06    4.894934076e-07    4.125738669e+12       0.5995886013     -0.05755465506      0.05724689998       0.4886765859        7.941283219       -2.260961649                  0                  0
 "OQ"                       18.82062486             0.0625    8.818403228e-07    3.785747556e-07    3.795301712e+12       0.6420238175      -0.3934923246       0.1482629199       0.4886765859        8.792471567       -2.404642872                  0                  0
 "Q17"                      18.95687486               0.21    6.795545395e-07     3.03698869e-07    2.938969461e+12       0.8654310672       -0.993784272       0.2223767341       0.5674211803        8.779091227       0.7398636753                  0                  0
 "OQ"                       19.09312486             0.0625    5.262842292e-07    2.262503092e-07    2.189836777e+12        1.166526681       -1.636506073        0.301412086       0.6461657747         8.37483065        3.849440503                  0                  0
 "OQ1A"                     19.12937486               0.01    4.924805284e-07       2.109048e-07    1.986649812e+12        1.286319404       -1.751108546        0.324835597       0.6461657747        8.096431028        3.780957225                  0                  0
 "OQ"                       19.16562486             0.0625    4.620726327e-07    1.985208129e-07    1.806987392e+12        1.420437437       -1.865711018       0.3482591079       0.6461657747        7.826591816        3.712473948                  0                  0
 "Q16"                      19.30187486               0.21     3.86858399e-07    1.725030237e-07    1.477817086e+12        1.814866175       -1.231964704       0.4155890674       0.4412862947        7.590217446      0.02207414584                  0                  0
 "OQ"                       19.43812486             0.0625     3.28478459e-07    1.406064026e-07    1.300632886e+12        2.125068015      -0.5180807332       0.4701140584       0.2364068146        7.815064755       -3.667072419                  0                  0
 "OQ2A"                     19.77437486               0.61    2.357382474e-07    1.003249543e-07    1.284124006e+12        2.595938211      -0.7188362604        0.549605854       0.2364068146        10.66044267       -4.288829017                  0                  0
 "OQ"                       20.11062486             0.0625    1.793452758e-07    7.672581675e-08    1.254865621e+12        3.091902849      -0.9195917876       0.6290976496       0.2364068146        13.58354017       -4.910585615                  0                  0
 "Q15"                      20.24687486               0.21    1.519689777e-07    6.206999289e-08    1.042694594e+12        3.834128794       -3.533958849       0.7039317046       0.6559724312        13.17300973        3.120178613                  0                  0
 "OQ"                       20.38312486             0.0625    1.341206308e-07    5.745351304e-08    8.321103988e+11         4.91865628       -6.396416084       0.8049886125        1.075538048        11.77487958        10.89100864                  0                  0
 "OQ3A"                     20.41937486               0.01    1.292775387e-07     5.52604715e-08    7.523735223e+11        5.385490751       -6.705843475       0.8439768693        1.075538048        10.98896694        10.52245544                  0                  0
 "OQ"                       20.45562486             0.0625    1.249611595e-07    5.349141803e-08    6.817749068e+11        5.891003648       -7.015270865       0.8829651262        1.075538048        10.24912344        10.15390224                  0                  0
 "Q14"                      20.59187486               0.21    1.210486222e-07    5.731240025e-08    5.613360674e+11        7.144631741       -3.582916461       0.9741366602       0.5377694764        8.641689584        4.978453037                  0                  0
 "OQ"                       20.72812486             0.0625    1.142375648e-07    4.877524556e-08    4.750144119e+11        7.952792455       0.1122067197        1.031697656    9.048881693e-07        7.661587919       0.1165878131                  0                  0
 "OQ4A"                     21.18437486               0.85    1.149638727e-07    4.894249786e-08    4.745000531e+11        7.899782873      0.05411371611        1.031698068    9.048881693e-07        7.606508209      0.05622702215                  0                  0
 "RF"                       21.60937486                  0    1.157995122e-07    4.944321137e-08    4.747563133e+11        7.853786211   -3.145976772e-07        1.031698451    9.048881693e-07        7.558715237    5.319469525e-07                  0                  0
 "OQ4A"                     22.03437486               0.85    1.149638357e-07    4.894248151e-08    4.744998589e+11        7.899783396     -0.05411433814        1.031698835    9.048881693e-07        7.606507292     -0.05622595082                  0                  0
 "OQ"                       22.49062486             0.0625    1.142374891e-07    4.877521235e-08    4.750140117e+11        7.952793538       -0.112207334        1.031699246    9.048881693e-07        7.661586017      -0.1165867338                  0                  0
 "Q14"                      22.62687486               0.21     1.21048338e-07    5.731199338e-08    5.613347269e+11        7.144632953        3.582916573        0.974138405      -0.5377686283         8.64168697       -4.978450358                  0                  0
 "OQ"                       22.76312486             0.0625    1.249610372e-07    5.349135064e-08    6.817740601e+11        5.891004956        7.015271731       0.8829669701       -1.075538162        10.24911982       -10.15389775                  0                  0
 "OQ3A"                     22.79937486               0.01    1.292774164e-07    5.526041781e-08     7.52372595e+11        5.385492062        6.705844376       0.8439787143       -1.075538162        10.98896289       -10.52245071                  0                  0
 "OQ"                       22.83562486             0.0625    1.341204857e-07     5.74534334e-08    8.321092558e+11        4.918657585        6.396417021       0.8049904585       -1.075538162        11.77487507       -10.89100367                  0                  0
 "Q15"                      22.97187486               0.21    1.519689781e-07    6.207024693e-08     1.04269414e+12        3.834130125        3.533959118       0.7039336688       -0.655971373        13.17300429       -3.120176755                  0                  0
 "OQ"                       23.10812486             0.0625    1.793449989e-07    7.672569637e-08    1.254863266e+12        3.091904246       0.9195913757       0.6290998015      -0.2364045845        13.58353432         4.91058417                  0                  0
 "OQ2A"                     23.44437486               0.61    2.357376525e-07    1.003246293e-07    1.284120397e+12        2.595939828       0.7188360482       0.5496087641      -0.2364045845        10.66043809        4.288827738                  0                  0
 "OQ"                       23.78062486             0.0625    3.284773998e-07    1.406059437e-07    1.300628334e+12        2.125069825       0.5180807207       0.4701177267      -0.2364045845        7.815061397        3.667071306                  0                  0
 "Q16"                      23.91687486               0.21    3.868570634e-07    1.725024629e-07     1.47781155e+12        1.814867838        1.231965556       0.4155928515      -0.4412859295        7.590214092     -0.02207365673                  0                  0
 "OQ"                       24.05312486             0.0625    4.620708263e-07     1.98520014e-07    1.806979765e+12        1.420438858         1.86571269       0.3482628932      -0.6461672745        7.826588202       -3.712471829                  0                  0
 "OQ1A"                     24.08937486               0.01    4.924785667e-07    2.109039532e-07    1.986641253e+12        1.286320722        1.751110188       0.3248393311      -0.6461672745        8.096427224       -3.780955056                  0                  0
 "OQ"                       24.12562486             0.0625    5.262820758e-07    2.262493567e-07     2.18982708e+12        1.166527898        1.636507686        0.301415769      -0.6461672745        8.374826649       -3.849438283                  0                  0
 "Q17"                      24.26187486               0.21    6.795512774e-07    3.036968217e-07    2.938954323e+12       0.8654319667       0.9937855458       0.2223803584      -0.5674213965         8.77908688       -0.739862989                  0                  0
 "OQ"                       24.39812486             0.0625    8.818367516e-07     3.78573192e-07    3.795284799e+12       0.6420244291       0.3934933084       0.1482665648      -0.4886755185         8.79246712        2.404641988                  0                  0
 "OB"                       24.58437486               0.31     1.06481383e-06    4.894920655e-07    4.125728636e+12       0.5995888085       0.0575557795      0.05725075519      -0.4886755185        7.941279204        2.260960801                  0                  0
 "B30"                      24.92263443       0.3665191429    7.834650939e-07    6.518286568e-08    2.540975029e+12       0.6867994481      -0.2599385887     -0.05588219413      -0.1993354851        6.555831453        1.881677181                  0                  0
 "OB"                         25.260894               0.31    6.656182132e-07    4.901819312e-08    1.792979966e+12       0.9502533493      -0.5109709023     -0.07931974292      0.09000454819        5.398185638        1.526115779                  0                  0
 "OQ"                         25.447144             0.0625    6.103672697e-07    4.500721319e-08    1.480972226e+12        1.156594741      -0.7670467687     -0.06255640187      0.09000454819        4.836906058        1.410939515                  0                  0
 "Q18"                        25.583394               0.21    5.620248541e-07    3.748188558e-08    1.401714955e+12        1.263618901      -0.2615921438     -0.04756751361        0.113949649         4.95729617       -1.061054816                  0                  0
 "OQ"                         25.719644             0.0625    5.303798723e-07    3.911749582e-08    1.439148087e+12        1.306373976       0.2612586519     -0.03108205589       0.1378947498        5.390523737        -3.59446005                  0                  0
 "OQ1"                        25.753394              0.005    5.243881788e-07    3.865280948e-08    1.486399361e+12        1.288877094       0.2336435069     -0.02642810849       0.1378947498         5.63358575       -3.681654694                  0                  0
 "OQ"                         25.787144             0.0625    5.174820689e-07    3.816923329e-08    1.532398303e+12        1.274832105        0.206028362     -0.02177416108       0.1378947498        5.887547093       -3.768849337                  0                  0
 "Q19"                        25.923394               0.21    4.662340711e-07    4.300684358e-08    1.333264206e+12         1.53731041       -1.489750743     -0.00384941295       0.1341765293        5.657843192        1.896463501                  0                  0
 "OQ"                         26.059644             0.0625    4.062556565e-07    3.002955538e-08    9.835574434e+11        2.021999571       -3.349345534      0.01384294469       0.1304583088        4.737274794        7.284983221                  0                  0
 "OQ1"                        26.093394              0.005    3.953572783e-07    2.909048456e-08    8.618785046e+11        2.249103063        -3.55388162      0.01824591036       0.1304583088         4.24746911         6.89885201                  0                  0
 "OQ"                         26.127144             0.0625    3.850480054e-07    2.843130595e-08    7.555042925e+11        2.501773563       -3.758417707      0.02264887602       0.1304583088        3.805929824          6.5127208                  0                  0
 "Q20"                        26.263394               0.21    3.886424166e-07      2.3665716e-08      5.7677681e+11        2.931342936      -0.7851018803      0.03656242791      0.09018001592        2.855006663        2.963441886                  0                  0
 "OQ"                         26.399644             0.0625    4.298527469e-07    3.158503053e-08    5.196638065e+11        2.981568039        2.311090956      0.04795858947      0.04990172302        2.326286932      -0.2425344659                  0                  0
 "DIBPM"                      26.475894               0.09    4.670684739e-07    3.434093475e-08    5.712626206e+11        2.643731899        2.148810814      0.05176359802      0.04990172302        2.366397539      -0.2772467268                  0                  0
 "IBPM"                       26.520894                  0    4.922357397e-07    3.620220953e-08     6.06397788e+11        2.450338937        2.053038927      0.05400917683      0.04990172302        2.391349744      -0.2977326513                  0                  0
 "O1"                         26.970894                0.9    6.589933496e-07    4.315838604e-08    9.475780347e+11        1.464550943        1.095320053      0.07646496497      0.04990172302        2.843682425      -0.5025918959                  0                  0
 "O1"                         27.870894                0.9    6.047969191e-07    2.538674744e-08    1.254328284e+12        1.216868833       -0.820117693       0.1213765412      0.04990172302        4.117094408      -0.9123103852                  0                  0
 "DIBPM"                      28.365894               0.09    3.702972156e-07    2.714531305e-08     9.56946266e+11        2.123599467       -1.873608453       0.1460779082      0.04990172302        5.040562703       -1.137655554                  0                  0
 "IBPM"                       28.410894                  0    3.462383819e-07    2.546238248e-08    9.157507857e+11        2.292224219       -1.969380341        0.148323487      0.04990172302        5.142951697       -1.158141479                  0                  0
 "OQ"                         28.442144             0.0625    3.300823081e-07     2.42306942e-08    8.874630081e+11        2.419467249       -2.035888596       0.1498829167      0.04990172302        5.216224682       -1.172367815                  0                  0
 "Q1"                         28.578394               0.21    2.787222166e-07    1.822252431e-08    9.340010247e+11        2.602701126      -0.2394487303       0.1453615828     -0.05645890275        6.477335629       -6.210287228                  0                  0
 "OQ1"                        28.685894              0.005    2.542215323e-07    1.868389784e-08    1.015565879e+12        2.650591571        1.620080651       0.1388737702      -0.1628195285        7.721550926        -11.2754674                  0                  0
 "OQD"                        28.750894              0.125    2.460516556e-07    1.816330623e-08    1.182493328e+12        2.451092001        1.531193425       0.1282905012      -0.1628195285         9.32219465        -12.3541318                  0                  0
 "Q2"                         28.918394               0.21    2.274979322e-07    2.664961504e-08    1.198799732e+12        2.710836362       -2.575906687       0.1185121186     0.003983108996        10.21376246        2.435902354                  0                  0
 "OQD"                        29.085894              0.125    1.845074968e-07    1.260555751e-08    7.366953857e+11        4.096689009       -7.477673364       0.1295840696       0.1707857465        7.551533885         16.0762409                  0                  0
 "OQ1"                        29.150894              0.005    1.847493627e-07    1.351297997e-08    5.410396409e+11        5.073363195       -8.393013817       0.1406851475       0.1707857465        5.472994423        13.80189306                  0                  0
 "Q3"                         29.258394               0.21     2.01597212e-07    1.020274761e-08    4.447835372e+11        5.313467801      -0.7536961687        0.137875181     -0.02932373644        4.100790941        7.361169818                  0                  0
 "OQ"                         29.394644             0.0625    2.610052572e-07    1.926740232e-08    3.821353866e+11        5.096383404        6.643583335       0.1274684606      -0.2294332194        2.736009223       0.9854032241                  0                  0
 "OB"                         29.580894               0.31    4.134379796e-07    3.937699328e-08    5.182840778e+11        3.133883896        4.991211801      0.08473651649      -0.2294332194        2.410551301       0.8511943174                  0                  0
 "B60"                      30.10241314       0.7330382858    9.630703287e-07    2.972398422e-07    8.782389815e+11        1.525755012      0.05019112827       0.1423374971       0.2305190449        1.822444431       0.4489362052                  0                  0
 "OB"                       30.62393229               0.31    5.872205246e-07    1.612387284e-07    4.477621801e+11        2.992993446       -4.929328375       0.3425236668       0.6904713091        1.481989511      0.05231701796                  0                  0
 "DIBPM"                    30.82393229               0.09    3.599872747e-07    7.034417942e-08    2.823709106e+11        5.128887838        -6.75336298       0.4806179047       0.6904713091        1.473378386     -0.08452389672                  0                  0
 "IBPM"                     30.86893229                  0    3.277808027e-07     6.27523586e-08    2.603269634e+11        5.736690486       -7.163770766       0.5116891082       0.6904713091        1.480985537      -0.1153131025                  0                  0
 "OQ"                       30.90018229             0.0625    3.080033954e-07    5.945197064e-08    2.472232225e+11        6.202238981       -7.448776172       0.5332663329       0.6904713091        1.489528942      -0.1366944954                  0                  0
 "Q4"                       31.03643229               0.21    2.489424382e-07    4.256471762e-08    2.712222174e+11        6.543904308       0.4868015575        0.554043856    -0.007292034462         2.00933775        -2.83234637                  0                  0
 "OD22"                     31.25643229               0.23    2.207632775e-07    3.494985223e-08    4.833813277e+11        4.733809297        7.331356088       0.4721628001      -0.7050553781        4.115811702       -6.935689582                  0                  0
 "OQD"                      31.43393229              0.125    2.911879354e-07      5.1412063e-08    1.025411744e+12        2.396661746        5.207485847       0.3470154923      -0.7050553781        6.853699248       -9.141432275                  0                  0
 "Q5"                       31.60143229               0.21    4.431399959e-07     9.20330682e-08    1.824792313e+12        1.261654003        2.638923426       0.2584301184      -0.4396803629        8.209949505      -0.8606677872                  0                  0
 "OQD"                      31.76893229              0.125    7.123033949e-07     1.35073388e-07    2.628251304e+12       0.6920799497       0.6840161833       0.2030166156      -0.1743053478        7.462165838        7.690839693                  0                  0
 "OD22"                     31.94643229               0.23    1.052723165e-06    1.940603781e-07    2.620952047e+12       0.5369048031       0.3029266477       0.1720774218      -0.1743053478        5.062389326        6.254007098                  0                  0
 "Q6"                       32.16643229               0.21    1.646324707e-06    3.001450565e-07    2.473444966e+12       0.4366237808        0.130748091       0.1234273222      -0.2655252745        3.069603142        2.900829396                  0                  0
 "OQ"                       32.30268229             0.0625    2.056026186e-06    3.966803783e-07    2.495296323e+12       0.3981874043       0.1252556968      0.08367404848      -0.3567452012        2.486283062       0.4632876791                  0                  0
 "DIBPM"                    32.37893229               0.09    2.138602924e-06    4.149785678e-07    2.523878823e+12       0.3967015455     -0.07047358029      0.05647223161      -0.3567452012        2.418984906       0.4260297612                  0                  0
 "IBPM"                     32.42393229                  0    2.146873675e-06    4.128251077e-07    2.493735259e+12       0.4030441675      -0.1859859405      0.04041870035      -0.3567452012        2.380642229       0.4040414817                  0                  0
 "OB"                       32.57893229               0.31    1.707243717e-06    3.703000788e-07    1.908697277e+12       0.5840413343       -0.583861848     -0.01487679622      -0.3567452012        2.278867969       0.3283040748                  0                  0
 "B60"                      33.10045143       0.7330382858    9.458587197e-07    1.560490339e-07    1.018828663e+12        1.247397958      -0.3978434458      0.01423813905       0.2088616419        2.153279051      0.03297372023                  0                  0
 "OB"                       33.62197057               0.31    2.665184656e-06    9.099631716e-06    2.836540244e+12        1.700821659      0.09334115234       0.2186911834        0.774468485        2.210666554      -0.2619424601                  0                  0
 "DIBPM"                    33.82197057               0.09    2.338502075e-06    7.927164871e-06    2.620216618e+12        1.674251487     -0.02628428206        0.373584877        0.774468485         2.32419075      -0.3591337282                  0                  0
 "IBPM"                     33.86697057                  0    2.250706789e-06    7.624793055e-06    2.557974866e+12        1.676617072      -0.0532000048        0.408435958        0.774468485        2.356512785      -0.3810017635                  0                  0
 "OQ3"                      33.96697057                0.2    2.048744023e-06    6.960570184e-06    2.415795716e+12        1.699219616       -0.113012722       0.4858828048        0.774468485        2.442432264      -0.4295973976                  0                  0
 "OQ"                       34.09822057             0.0625    1.791635185e-06    6.071079981e-06    2.217190179e+12        1.733791968      -0.1915169133       0.5875317912        0.774468485         2.55918794      -0.4933791673                  0                  0
 "Q7"                       34.23447057               0.21    1.493922238e-06    5.155934988e-06    1.649512104e+12        2.164514251       -2.224759635       0.7539057502        1.393863022        2.274714759        1.319331786                  0                  0
 "OQD"                      34.40197057              0.125    1.249484252e-06    4.418112664e-06    9.827492573e+11        3.170556323       -4.698316827        1.021906167        2.013257559        1.609482161          2.7993858                  0                  0
 "OQ0"                      34.61197057              0.295    1.240694489e-06    5.027786153e-06     4.75692686e+11        5.598816052         -6.2405768        1.444690256        2.013257559       0.7785221895        1.630633072                  0                  0
 "Q8"                       34.86447057               0.21    1.270075594e-06    3.971137849e-06    1.812109538e+11        7.510291976      -0.2919237074        1.778970249       0.3440989078       0.2842498536      0.07084410675                  0                  0
 "OQ"                       35.00072057             0.0625    1.284341274e-06    4.328467708e-06     2.07527674e+11        7.171510409        6.548597818        1.774886633       -1.325059743       0.3231893437      -0.8348012188                  0                  0
 "O1A"                      35.40697057               0.75    3.980808403e-07    5.205222837e-07    5.327309896e+11        3.716784281        4.060585077        1.236581104       -1.325059743        2.627433943       -3.002759403                  0                  0
 "O1A"                      36.15697057               0.75    3.121671169e-06    2.263015541e-05    1.507399658e+13        1.070847416       -0.532669213       0.2427862794       -1.325059743        10.13336121       -7.005143742                  0                  0
 "OQ"                       36.56322057             0.0625     9.59746985e-07    3.277395233e-06    7.377614393e+12        1.659141941       -3.020681954      -0.2955192503       -1.325059743        15.96053781       -9.173101925                  0                  0
 "Q9"                       36.69947057               0.21    6.031891558e-07     2.25925847e-06    4.668263375e+12        3.125119905       -6.683163944      -0.5093146874        -1.68297028        15.97027128         2.40746293                  0                  0
 "OQD"                      36.86697057              0.125    3.910533433e-07    1.498722044e-06    2.629315625e+12        5.856343607       -11.63230701      -0.8092570615       -2.040880817        13.73944241        13.33794801                  0                  0
 "OQ0"                      37.07697057              0.295    3.571105458e-07    1.905615869e-06    1.570236685e+12        12.20695233       -16.59854382       -1.237842046       -2.040880817        8.947161862        10.59334614                  0                  0
 "Q10"                      37.32947057               0.21    3.032914958e-07    1.433695422e-06    7.187643997e+11         19.3641443       -9.925906268       -1.658163637       -1.114233248        4.744056099        5.521655652                  0                  0
 "OQ"                       37.46572057             0.0625    2.446428722e-07    8.295853154e-07    4.394841641e+11        21.61017863       0.2333965656       -1.783317351      -0.1875856781        3.520924643        2.321004267                  0                  0
 "OQ3"                      37.59697057                0.2     2.65449533e-07    9.001391265e-07    4.008992959e+11        21.55019291       0.2269921757       -1.807937971      -0.1875856781        2.959303284        2.082792998                  0                  0
 "DIBPM"                    37.74197057               0.09    2.943141188e-07    9.979940967e-07    3.574290231e+11        21.48500196       0.2199168497       -1.835137893      -0.1875856781        2.378978328        1.819626262                  0                  0
 "IBPM"                     37.78697057                  0    3.044324088e-07    1.032297004e-06    3.442972886e+11        21.46520944       0.2177210589       -1.843579249      -0.1875856781        2.215211967        1.737953827                  0                  0
 "OB"                       37.94197057               0.31    3.389778448e-07    1.149452926e-06    3.053157359e+11        21.40006053       0.2101577793       -1.872655028      -0.1875856781        1.763654297        1.456637662                  0                  0
 "B30"                      38.28023014       0.3665191429    2.567579995e-07    3.394663762e-07    1.403252887e+11        18.60962766        6.743327446        -1.76027535       0.7541697535         1.00985454       0.8307969534                  0                  0
 "OB"                       38.61848971               0.31    1.700458682e-06    1.262388901e-05    5.308860881e+11        12.30311886        11.55233821        -1.35595148        1.695925185       0.6408291404       0.2154300419                  0                  0
 "DIBPM"                    38.81848971               0.09     2.28104412e-06    1.482678891e-05    6.489748979e+11        7.883286802        9.317857975       -1.016766432        1.695925185       0.5861097859      -0.1340439812                  0                  0
 "IBPM"                     38.86348971                  0    2.447643233e-06     1.56622386e-05    7.098002919e+11        7.044679586        8.815099922      -0.9404497964        1.695925185       0.5981737441      -0.2126756364                  0                  0
 "OQ2"                      38.91348971                0.1    2.709451458e-06    1.771039639e-05    8.233433104e+11        6.219031601        8.256479863      -0.8556535344        1.695925185       0.6281781583      -0.3000441422                  0                  0
 "Q11C"                     39.06848971               0.21    3.679432685e-06    2.622050915e-05    1.119262068e+12        4.869966744        2.832746104       -0.664032667         1.05281675       0.6318253904       0.1073849505                  0                  0
 "OOW"                      39.30797971            0.26898    3.930251366e-06    2.517618608e-05    9.941589515e+11        4.935915975       -2.191114968      -0.5021063928       0.4097083147       0.5249063071       0.2995088908                  0                  0
 "OQC"                      39.47246971               0.06    3.972337206e-06      2.5419471e-05    8.594878039e+11        5.668398476       -2.385273308      -0.4347134753       0.4097083147       0.4485852442     -0.07068064018                  0                  0
 "BWGLHM"                   39.50871971             0.0125    3.883070882e-06    2.484683118e-05    8.518666805e+11        5.841865643       -2.428061562      -0.4198615495       0.4097083147       0.4547293616      -0.1522623199                  0                  0
 "OW1"                      39.51809971            0.00626    3.854277564e-06    2.466258291e-05    8.511559713e+11        5.887485388       -2.439133392      -0.4160184857       0.4097083147       0.4577179511      -0.1733722828                  0                  0
 "BWGLP"                    39.53372971              0.025     3.80138346e-06    2.432448704e-05    8.511098265e+11        5.964193925       -2.457582506      -0.4096147451       0.4097083147       0.4640169629      -0.2085480526                  0                  0
 "OW"                       39.55872971              0.025    3.711928524e-06       2.375221e-05    8.524095181e+11        6.087810779       -2.487091647      -0.3993720377       0.4097083147       0.4758509462        -0.26481128                  0                  0
 "BWGLM"                    39.58372971              0.025    3.615010623e-06    2.313217265e-05    8.558414026e+11         6.21290309       -2.516600787      -0.3891293303       0.4097083147       0.4904980908      -0.3210745074                  0                  0
 "OW"                       39.60872971              0.025    3.512178353e-06    2.247428355e-05    8.612330469e+11        6.339470857       -2.546109928      -0.3788866229       0.4097083147       0.5079583968      -0.3773377348                  0                  0
 "BWGLP"                    39.63372971              0.025    3.404963091e-06    2.178834125e-05    8.684073549e+11        6.467514082       -2.575619068      -0.3686439155       0.4097083147       0.5282318642      -0.4336009622                  0                  0
 "OW"                       39.65872971              0.025    3.294818839e-06    2.108364939e-05    8.771866217e+11        6.597032764       -2.605128209      -0.3584012081       0.4097083147        0.551318493      -0.4898641896                  0                  0
 "BWGLM"                    39.68372971              0.025    3.183077553e-06    2.036873084e-05    8.873960428e+11        6.728026902       -2.634637349      -0.3481585007       0.4097083147       0.5772182831       -0.546127417                  0                  0
 "OW"                       39.70872971              0.025    3.070920357e-06    1.965114348e-05    8.988665811e+11        6.860496498        -2.66414649      -0.3379157933       0.4097083147       0.6059312346      -0.6023906444                  0                  0
 "BWGLP"                    39.73372971              0.025    2.959363196e-06    1.893738836e-05    9.114371655e+11        6.994441551        -2.69365563      -0.3276730859       0.4097083147       0.6374573474      -0.6586538718                  0                  0
 "OW"                       39.75872971              0.025    2.849254386e-06    1.823289397e-05    9.249562498e+11        7.129862061       -2.723164771      -0.3174303785       0.4097083147       0.6717966217      -0.7149170992                  0                  0
 "BWGLM"                    39.78372971              0.025    2.741281091e-06     1.75420577e-05    9.392828009e+11        7.266758027       -2.752673911      -0.3071876711       0.4097083147       0.7089490572      -0.7711803266                  0                  0
 "OW"                       39.80872971              0.025    2.635981832e-06    1.686832585e-05    9.542868025e+11        7.405129451       -2.782183052      -0.2969449637       0.4097083147       0.7489146542      -0.8274435541                  0                  0
 "BWGLP"                    39.83372971              0.025    2.533762509e-06    1.621429609e-05    9.698493691e+11        7.544976332       -2.811692192      -0.2867022563       0.4097083147       0.7916934125      -0.8837067815                  0                  0
 "OW"                       39.85872971              0.025    2.434913941e-06    1.558182976e-05    9.858625613e+11         7.68629867       -2.841201333       -0.276459549       0.4097083147       0.8372853322      -0.9399700089                  0                  0
 "BWGLM"                    39.88372971              0.025    2.339629459e-06    1.497216436e-05    1.002228983e+12        7.829096465       -2.870710473      -0.2662168416       0.4097083147       0.8856904132      -0.9962332363                  0                  0
 "OW"                       39.90872971              0.025    2.248021596e-06    1.438602037e-05    1.018861232e+12        7.973369717       -2.900219614      -0.2559741342       0.4097083147       0.9369086556       -1.052496464                  0                  0
 "BWGLP"                    39.93372971              0.025    2.160137229e-06    1.382369813e-05    1.035681288e+12        8.119118426       -2.929728754      -0.2457314268       0.4097083147       0.9909400594       -1.108759691                  0                  0
 "OW"                       39.95872971              0.025    2.075971125e-06    1.328516452e-05    1.052619694e+12        8.266342592       -2.959237895      -0.2354887194       0.4097083147        1.047784625       -1.165022918                  0                  0
 "OSC_IOTA$END"             39.97122971                  0    2.035608961e-06    1.302671788e-05    1.060944469e+12        8.340323539       -2.973992465      -0.2303673657       0.4097083147        1.076910197       -1.193154532                  0                  0
